0,50,0,0,40,0,0,10,0.584,0.628
12,7,4,2,39,15,19,2,0.196,0.263
4,0,10,18,39,9,16,3,0.271,0.334
4,0,10,18,39,9,16,3,0.246,0.315
7,2,26,6,39,1,8,11,0.94,1.176
7,2,26,6,39,1,8,11,0.99,1.331
13,5,4,9,39,5,21,4,0.326,0.503
1,22,8,4,38,16,7,4,0.311,0.303
4,12,17,3,38,16,9,1,0.458,0.496
3,1,9,8,36,32,11,0,0.29,0.26
14,4,9,7,36,12,4,14,1.446,1.813
6,11,17,2,36,7,5,16,1.045,1.987
2,2,12,21,35,12,8,8,0.372,0.417
40,0,13,0,35,0,0,12,1.373,1.55
11,25,0,14,35,10,5,0,0.161,0.197
12,1,15,15,35,0,20,2,0.257,0.736
5,23,0,0,34,16,7,15,0.596,1.094
5,3,5,17,34,4,20,12,0.585,0.57
12,27,7,2,34,1,7,10,0.528,0.755
14,31,8,1,34,3,7,2,0.292,0.316
14,31,8,1,34,3,7,2,0.405,0.466
1,3,2,3,33,0,31,27,1.466,2.056
28,0,4,12,32,14,3,7,0.356,0.639
16,7,4,14,32,8,11,8,0.25,0.554
3,14,10,15,32,7,12,7,0.353,0.523
15,1,16,19,32,11,6,0,0.319,0.399
14,24,7,11,32,0,3,8,0.413,0.636
10,20,10,11,32,2,10,5,0.496,0.417
10,20,10,11,32,2,10,5,0.338,0.356
21,8,0,15,31,4,6,14,0.577,0.787
21,8,0,15,31,4,6,14,0.524,0.826
18,8,9,0,31,5,20,9,0.376,0.456
13,30,2,6,31,1,7,10,0.462,0.437
13,30,2,6,31,1,7,10,0.433,0.481
9,2,3,21,30,8,2,25,1.54,2.531
12,17,3,2,30,4,6,26,1.732,2.196
5,26,3,12,30,10,5,9,0.222,0.507
18,32,1,1,30,2,7,9,0.389,0.495
0,6,35,15,29,11,1,3,0.48,0.853
22,21,9,8,29,5,4,2,0.335,0.351
14,7,0,2,29,0,41,7,0.265,0.384
0,19,22,9,28,8,0,14,0.638,1.377
12,27,2,5,28,1,9,16,0.594,0.682
12,27,11,5,28,2,6,9,0.379,0.468
32,19,6,7,28,7,0,1,0.229,0.257
0,72,0,0,28,0,0,0,0.22,0.149
3,15,3,6,27,1,13,32,1.623,2.042
26,1,9,1,27,1,4,30,1.749,2.271
4,9,2,8,27,8,19,23,0.699,0.757
19,7,11,4,27,26,1,5,0.198,0.269
24,11,0,21,27,3,10,4,0.324,0.298
6,21,15,7,27,2,20,2,0.223,0.289
0,0,73,0,27,0,0,0,0.661,0.742
2,5,16,11,26,23,9,8,0.226,0.19
2,4,14,10,26,20,23,1,0.1,0.148
8,7,2,33,26,0,19,5,0.192,0.278
3,34,17,11,26,0,8,1,0.288,0.418
1,25,3,0,25,0,12,34,1.434,2.375
0,9,11,15,25,10,10,20,0.487,0.667
24,1,8,8,25,1,4,28,1.497,1.848
24,1,8,8,25,1,4,28,1.199,1.61
20,5,8,8,25,1,4,28,1.397,2.008
7,36,2,9,25,2,0,19,1.007,1.168
4,9,18,10,25,0,16,18,0.813,1.119
53,0,0,8,25,0,4,10,0.382,0.422
35,4,16,2,25,1,13,4,0.572,0.67
43,2,3,18,25,2,6,2,0.341,0.365
43,2,3,18,25,2,6,2,0.228,0.29
4,4,7,7,24,5,17,32,1.342,1.813
3,6,17,22,24,13,4,11,0.247,0.398
2,13,6,28,24,14,12,1,0.138,0.165
40,0,36,0,24,0,0,0,0.567,0.629
38,2,2,5,23,24,1,5,0.332,0.366
23,2,5,4,23,28,15,0,0.18,0.169
22,1,28,7,23,1,4,15,1.289,1.283
8,3,41,8,23,1,2,14,1.066,1.243
3,13,44,1,23,7,2,7,0.42,0.917
2,36,6,9,23,8,13,3,0.183,0.17
17,3,15,15,23,4,16,7,0.318,0.423
2,19,7,9,22,28,3,10,0.158,0.136
15,5,7,8,22,31,8,4,0.179,0.121
2,8,15,22,22,29,2,0,0.103,0.091
0,0,38,0,22,0,13,27,1.279,1.691
2,6,17,7,22,20,24,2,0.162,0.117
4,0,21,11,22,5,21,16,0.473,0.601
7,7,31,8,22,18,7,0,0.228,0.234
10,2,19,6,22,12,27,2,0.167,0.209
18,17,18,9,22,12,4,0,0.183,0.348
19,3,10,31,22,3,10,2,0.17,0.257
78,0,0,0,22,0,0,0,0.299,0.362
0,23,55,0,22,0,0,0,0.393,0.494
25,8,0,1,21,22,6,17,0.559,0.913
3,16,21,15,21,0,5,19,0.994,1.061
31,3,2,8,21,7,20,9,0.182,0.204
31,3,2,8,21,7,20,9,0.169,0.209
43,1,4,15,21,4,7,5,0.324,0.474
0,1,60,1,21,5,11,1,0.51,0.456
23,15,11,15,21,4,10,1,0.241,0.29
35,8,24,8,21,2,2,1,0.252,0.344
35,8,24,8,21,2,2,1,0.242,0.374
11,13,21,20,21,2,12,0,0.186,0.403
0,0,79,0,21,0,0,0,0.685,0.665
0,0,79,0,21,0,0,0,0.492,0.603
13,1,5,13,20,25,11,12,0.183,0.248
0,0,0,33,20,0,13,34,1.001,1.389
2,23,7,12,20,24,8,4,0.111,0.093
1,3,12,11,20,25,28,0,0.085,0.092
2,26,2,1,20,22,25,2,0.08,0.059
2,11,8,6,20,13,32,8,0.116,0.115
13,11,16,19,20,3,0,18,1.011,1.054
10,1,26,9,20,16,18,0,0.279,0.205
21,10,7,17,20,11,11,3,0.166,0.156
24,38,5,4,20,1,7,2,0.239,0.208
24,38,5,4,20,1,7,2,0.176,0.195
14,14,20,10,20,1,20,1,0.17,0.322
3,3,16,9,19,1,12,37,2.206,2.843
20,12,2,6,19,24,4,13,0.281,0.309
3,2,7,27,19,4,5,33,1.404,2.143
9,11,18,5,19,0,5,33,1.631,2.052
5,9,20,18,19,19,7,3,0.133,0.129
7,7,19,0,19,12,27,9,0.167,0.158
0,26,26,3,19,6,13,7,0.328,0.314
28,1,2,24,19,9,13,4,0.144,0.153
4,2,28,2,19,8,35,2,0.181,0.16
10,16,18,0,19,5,27,5,0.197,0.19
7,23,0,12,19,8,30,1,0.11,0.087
13,14,38,3,19,0,4,9,0.668,0.926
2,27,14,0,18,11,7,21,0.519,0.69
7,22,11,0,18,22,20,0,0.137,0.122
1,1,1,53,18,13,9,4,0.143,0.118
37,16,9,7,18,6,3,4,0.225,0.327
20,18,23,4,18,6,8,3,0.22,0.323
9,36,9,14,18,0,6,8,0.214,0.542
7,0,43,3,18,2,21,6,0.29,0.719
36,14,10,11,18,4,5,2,0.234,0.232
4,31,8,34,18,3,1,1,0.216,0.189
25,9,0,2,17,20,11,16,0.222,0.254
5,12,10,5,17,24,17,10,0.151,0.122
3,1,24,4,17,14,20,17,0.19,0.207
11,3,5,9,17,23,25,7,0.145,0.094
3,3,38,10,17,19,0,10,0.56,0.598
3,3,38,10,17,19,0,10,0.366,0.432
26,10,0,18,17,9,3,17,0.275,0.389
4,19,17,8,17,1,10,24,0.91,0.993
7,30,12,7,17,4,10,13,0.36,0.368
5,7,5,34,17,1,15,16,0.373,0.534
1,19,37,16,17,1,3,6,0.389,0.455
40,0,36,0,17,0,0,7,0.581,0.658
40,0,36,0,17,0,0,7,0.574,0.656
13,15,12,11,16,4,5,24,0.491,0.733
4,19,4,19,16,12,14,12,0.156,0.161
12,1,43,6,16,7,0,15,0.596,0.806
13,9,16,4,16,9,20,12,0.233,0.232
20,4,5,16,16,16,23,0,0.096,0.065
12,0,33,25,16,0,0,15,0.673,0.873
9,20,9,30,16,1,2,13,0.369,0.548
21,11,19,5,16,11,15,1,0.158,0.168
5,13,18,17,16,3,20,8,0.243,0.245
32,1,8,0,16,3,32,8,0.177,0.379
15,3,3,36,16,8,19,0,0.092,0.135
11,2,28,14,16,2,21,6,0.237,0.289
16,4,9,25,16,4,24,2,0.164,0.178
6,4,35,23,16,0,11,4,0.322,0.391
6,4,35,23,16,0,11,4,0.233,0.318
28,6,6,1,15,18,2,24,0.65,0.948
2,7,18,7,15,37,10,5,0.161,0.068
2,7,18,7,15,37,10,5,0.099,0.053
2,15,11,14,15,29,11,3,0.137,0.103
30,2,18,0,15,27,4,4,0.172,0.105
27,7,19,11,15,12,0,9,0.259,0.254
47,8,2,3,15,2,10,13,0.302,0.499
8,1,20,45,15,1,2,8,0.285,0.423
6,12,11,31,15,4,18,3,0.114,0.2
12,3,53,3,15,1,9,4,0.353,0.438
2,7,2,69,15,3,2,0,0.131,0.135
24,4,5,3,14,8,9,33,1.318,1.465
8,9,22,0,14,26,9,12,0.148,0.164
9,1,17,0,14,4,21,34,1.45,1.531
6,1,0,3,14,4,40,32,0.628,0.66
16,12,5,11,14,9,6,27,0.545,1.124
14,31,1,0,14,5,7,28,0.561,0.586
14,31,1,0,14,5,7,28,0.563,0.691
6,37,6,7,14,0,0,30,1.085,1.361
7,25,13,1,14,0,11,29,0.862,1.825
28,3,9,18,14,4,1,23,0.542,1.258
7,3,16,1,14,19,33,7,0.118,0.108
18,30,0,3,14,16,10,9,0.174,0.179
16,17,16,4,14,11,10,12,0.207,0.267
12,12,13,22,14,7,4,16,0.455,0.582
5,1,13,18,14,16,27,6,0.13,0.113
6,0,19,6,14,22,33,0,0.133,0.119
23,6,15,6,14,13,15,8,0.148,0.207
10,11,19,30,14,12,0,4,0.164,0.299
29,0,18,18,14,8,5,8,0.287,0.474
12,12,20,21,14,6,6,9,0.206,0.55
11,4,15,13,14,9,31,2,0.133,0.108
11,4,15,13,14,9,31,2,0.124,0.099
27,40,4,11,14,3,0,1,0.137,0.164
7,1,10,20,13,6,6,37,1.338,2.378
3,0,21,6,13,15,24,18,0.285,0.257
9,25,1,1,13,18,19,14,0.122,0.123
18,16,5,9,13,24,12,3,0.088,0.103
11,11,20,20,13,19,3,3,0.161,0.118
18,9,22,2,13,7,15,14,0.293,0.345
27,15,5,10,13,12,10,8,0.139,0.115
29,6,15,8,13,17,12,0,0.153,0.133
23,1,25,10,13,7,17,4,0.223,0.218
2,18,48,2,13,9,6,2,0.292,0.29
2,18,48,2,13,9,6,2,0.191,0.225
1,30,14,0,12,22,1,20,0.315,0.344
22,11,8,5,12,13,5,24,0.458,0.992
6,13,2,17,12,33,14,3,0.082,0.044
15,33,1,0,12,2,7,30,0.718,0.877
14,22,6,15,12,10,1,20,0.316,0.538
3,24,8,18,12,15,8,12,0.173,0.182
25,4,10,17,12,4,5,23,0.847,0.96
0,21,37,2,12,19,2,7,0.355,0.253
12,16,7,17,12,15,12,9,0.123,0.109
8,12,0,18,12,11,26,13,0.105,0.196
23,7,0,22,12,4,15,17,0.294,0.238
27,11,8,18,12,1,4,20,0.455,0.609
57,11,5,3,12,5,1,6,0.276,0.294
14,34,19,1,12,2,18,0,0.138,0.153
7,1,17,20,11,33,3,8,0.236,0.147
17,22,3,1,11,15,7,24,0.321,0.38
18,10,19,2,11,18,1,21,0.606,0.707
15,11,10,1,11,34,15,3,0.142,0.07
20,6,3,17,11,20,6,17,0.191,0.301
17,17,12,4,11,9,2,28,0.642,1.28
9,12,5,19,11,24,9,11,0.103,0.079
11,3,28,6,11,8,10,24,0.521,0.753
11,3,28,6,11,8,10,24,0.49,0.83
5,8,36,6,11,7,5,22,0.75,1.083
20,13,1,11,11,23,16,5,0.095,0.048
17,11,28,4,11,10,3,15,0.384,0.45
0,35,18,11,11,25,0,0,0.111,0.06
5,14,17,10,11,18,21,4,0.115,0.067
33,12,21,0,11,12,1,10,0.203,0.366
12,28,15,10,11,14,3,7,0.166,0.111
13,0,28,27,11,1,3,16,0.573,0.744
13,0,28,27,11,1,3,16,0.574,0.749
16,17,8,11,11,0,23,14,0.256,0.447
1,5,44,10,11,1,16,13,0.446,0.426
1,5,44,10,11,1,16,13,0.61,0.607
18,10,6,24,11,3,23,5,0.178,0.165
9,23,15,16,11,4,22,0,0.117,0.116
20,15,8,8,10,31,1,7,0.162,0.079
20,15,8,8,10,31,1,7,0.115,0.077
0,20,0,33,10,16,6,15,0.123,0.233
5,22,15,0,10,18,22,8,0.132,0.085
17,14,4,16,10,16,15,8,0.105,0.092
36,0,11,4,10,0,19,20,0.473,1.01
20,22,6,17,10,17,7,2,0.101,0.079
20,22,6,17,10,17,7,2,0.094,0.076
10,1,0,19,10,17,42,1,0.083,0.037
44,0,1,25,10,1,3,15,0.264,0.373
5,10,44,10,10,8,6,7,0.386,0.43
3,5,19,26,10,5,23,9,0.174,0.188
18,24,10,8,10,5,16,9,0.182,0.217
14,25,23,14,10,0,0,14,0.469,0.545
19,23,1,4,10,2,34,6,0.149,0.112
19,23,1,4,10,2,34,6,0.15,0.151
10,4,16,5,10,6,47,2,0.129,0.126
42,20,15,4,10,4,1,4,0.235,0.322
22,10,24,6,10,3,21,4,0.217,0.24
31,4,3,35,10,2,10,5,0.141,0.198
5,14,10,9,9,23,8,22,0.184,0.199
4,7,11,18,9,12,7,32,0.683,1.168
3,4,16,31,9,13,5,19,0.161,0.344
25,5,4,0,9,2,27,28,0.506,0.557
36,9,17,5,9,15,0,9,0.211,0.226
8,13,31,9,9,1,6,23,0.878,0.994
25,15,6,21,9,9,1,14,0.193,0.21
16,19,32,1,9,22,1,0,0.109,0.118
6,15,17,24,9,15,7,6,0.152,0.128
6,15,17,24,9,15,7,6,0.111,0.118
2,28,11,17,9,2,12,19,0.365,0.515
4,10,17,30,9,13,10,7,0.148,0.12
23,45,6,1,9,0,1,15,0.337,0.604
25,1,14,17,9,3,21,10,0.15,0.381
8,10,11,22,9,0,37,3,0.122,0.123
5,26,1,8,8,10,6,36,0.62,1.133
7,26,5,9,8,39,1,5,0.116,0.048
8,10,8,15,8,24,13,14,0.204,0.224
9,6,1,18,8,24,28,6,0.067,0.054
11,14,6,20,8,25,12,4,0.089,0.061
13,2,1,36,8,20,11,9,0.092,0.066
5,3,48,3,8,7,5,21,0.774,0.835
9,9,42,0,8,13,9,10,0.393,0.415
7,27,23,9,8,13,4,9,0.139,0.25
6,20,36,7,8,6,4,13,0.323,0.381
5,19,26,0,8,11,24,7,0.188,0.17
11,24,7,39,8,8,0,3,0.13,0.114
31,13,24,8,8,4,5,7,0.37,0.433
12,4,23,24,8,4,19,6,0.15,0.254
8,19,53,2,8,1,1,8,0.433,0.566
17,28,10,26,8,2,4,5,0.141,0.178
24,6,15,13,8,3,30,1,0.146,0.129
40,9,31,2,8,0,6,4,0.303,0.762
17,6,48,19,8,1,1,0,0.23,0.29
2,13,3,24,7,30,6,15,0.076,0.044
17,22,7,5,7,23,0,19,0.212,0.218
17,22,7,5,7,23,0,19,0.237,0.251
20,12,3,14,7,5,3,36,0.845,1.432
19,1,2,21,7,1,12,37,0.831,2.089
1,7,5,33,7,1,11,35,1.075,1.614
0,23,9,4,7,33,23,1,0.078,0.034
2,7,14,17,7,5,22,26,0.295,0.391
5,23,14,9,7,7,11,24,0.382,0.507
41,14,1,1,7,19,6,12,0.154,0.13
41,14,1,1,7,19,6,12,0.154,0.143
1,5,41,15,7,19,1,11,0.292,0.296
12,6,1,34,7,22,12,6,0.077,0.058
0,5,30,10,7,5,21,22,0.46,0.656
13,4,49,2,7,8,4,13,0.46,0.567
12,6,9,1,7,1,45,19,0.319,0.416
22,5,1,42,7,4,4,15,0.301,0.435
7,53,1,0,7,11,18,3,0.076,0.046
19,2,35,6,7,7,18,6,0.325,0.264
1,3,50,7,7,7,23,2,0.295,0.246
36,12,5,12,7,9,19,0,0.089,0.076
35,15,15,18,7,4,2,4,0.152,0.319
9,4,12,18,7,3,43,4,0.107,0.158
6,3,44,24,7,5,10,1,0.24,0.248
7,15,21,14,7,2,30,4,0.11,0.251
7,28,19,20,7,2,15,2,0.145,0.139
2,3,6,6,6,11,30,36,0.52,0.811
13,13,5,1,6,36,17,9,0.151,0.058
6,4,29,9,6,37,1,8,0.195,0.108
6,6,18,15,6,26,4,18,0.214,0.234
6,6,18,15,6,26,4,18,0.198,0.256
4,6,10,4,6,17,27,26,0.32,0.362
5,17,6,3,6,19,22,22,0.162,0.152
22,14,11,6,6,5,3,33,0.883,1.508
21,22,0,12,6,18,13,8,0.076,0.078
29,3,8,4,6,1,24,25,0.378,1.134
8,0,0,11,6,1,50,24,0.182,0.306
2,15,20,22,6,0,10,25,0.47,0.949
19,19,11,2,6,20,22,1,0.102,0.104
4,11,37,22,6,15,1,4,0.157,0.256
25,0,42,3,6,6,8,10,0.348,0.405
13,2,42,11,6,6,10,10,0.31,0.374
4,16,11,44,6,14,5,0,0.084,0.154
15,7,14,9,5,27,3,20,0.286,0.267
6,6,9,20,5,30,8,16,0.085,0.06
12,1,25,5,5,23,7,22,0.186,0.146
7,6,21,10,5,28,7,16,0.165,0.137
14,7,14,4,5,15,13,28,0.37,0.496
4,28,1,0,5,4,21,37,0.41,0.54
40,1,2,0,5,24,13,15,0.104,0.087
10,4,3,4,5,9,42,23,0.19,0.19
24,1,28,7,5,19,3,12,0.269,0.32
11,6,14,17,5,31,16,0,0.108,0.084
24,1,29,7,5,19,3,12,0.277,0.294
0,10,32,5,5,13,18,17,0.335,0.431
12,2,40,8,5,20,5,8,0.245,0.24
25,28,4,12,5,23,1,1,0.117,0.07
2,22,0,18,5,18,31,4,0.074,0.045
14,20,4,0,5,6,35,16,0.158,0.182
4,3,20,1,5,5,46,16,0.167,0.189
7,45,18,1,5,3,4,17,0.34,0.387
2,26,30,10,5,8,9,10,0.209,0.192
17,7,0,3,5,17,51,0,0.098,0.047
15,1,38,2,5,7,22,10,0.397,0.413
9,14,28,2,5,4,25,13,0.181,0.267
15,20,4,10,5,11,30,5,0.089,0.062
3,39,12,7,5,2,18,14,0.275,0.252
3,2,54,7,5,12,14,3,0.166,0.169
20,1,17,9,5,11,33,4,0.129,0.187
10,19,23,9,5,8,24,2,0.104,0.107
26,3,41,11,5,5,5,4,0.425,0.342
14,40,6,19,5,2,10,4,0.155,0.117
14,40,6,19,5,2,10,4,0.115,0.089
26,13,1,5,5,0,49,1,0.091,0.072
40,15,2,12,5,0,25,1,0.11,0.235
31,0,0,19,4,24,0,22,0.287,0.386
21,2,1,3,4,7,28,34,0.371,0.57
11,10,14,21,4,21,1,18,0.123,0.077
2,7,36,3,4,0,9,39,1.311,2.226
17,15,2,10,4,29,15,8,0.085,0.046
34,21,2,4,4,17,4,15,0.208,0.144
13,7,2,12,4,10,35,17,0.139,0.11
3,13,26,6,4,2,25,21,0.449,0.591
0,12,4,7,4,11,52,10,0.084,0.091
0,8,10,9,4,9,49,11,0.111,0.086
26,9,11,20,4,15,10,5,0.095,0.082
8,24,3,15,4,10,28,8,0.111,0.098
18,16,16,17,4,13,15,1,0.127,0.102
26,5,2,24,4,10,27,2,0.088,0.075
51,0,7,20,4,10,7,1,0.106,0.1
3,2,17,12,4,3,52,7,0.114,0.155
21,42,5,19,4,8,0,1,0.097,0.082
19,20,2,45,4,0,3,7,0.201,0.219
7,34,32,9,4,2,9,3,0.119,0.324
3,18,15,18,3,40,0,3,0.082,0.039
15,13,1,3,3,3,28,34,0.705,0.94
6,6,24,12,3,32,13,4,0.136,0.106
10,3,37,11,3,8,2,26,0.62,0.726
7,26,14,13,3,3,5,29,0.44,0.833
0,5,33,9,3,12,21,17,0.224,0.354
1,9,37,15,3,3,8,24,0.768,1.082
24,2,27,14,3,13,4,13,0.229,0.233
36,0,8,19,3,15,9,10,0.119,0.111
4,18,26,19,3,16,11,3,0.097,0.085
4,9,19,6,3,5,43,11,0.218,0.159
3,31,28,15,3,15,4,1,0.122,0.088
14,34,22,6,3,9,5,7,0.156,0.146
3,31,28,15,3,15,4,1,0.11,0.105
7,3,31,28,3,9,14,5,0.129,0.234
17,5,33,13,3,7,18,4,0.289,0.198
19,46,0,15,3,8,6,3,0.126,0.073
37,16,30,3,3,2,3,6,0.193,0.374
23,25,10,0,3,4,32,3,0.102,0.091
14,14,9,11,3,0,44,5,0.15,0.119
15,22,16,0,3,4,40,0,0.09,0.065
8,31,3,3,2,2,4,47,1.696,2.197
5,34,3,9,2,3,1,43,1.011,2.507
1,1,26,11,2,13,19,27,0.399,0.898
11,2,13,16,2,9,19,28,0.402,0.622
12,30,19,1,2,11,2,23,0.262,0.616
5,1,17,39,2,14,11,11,0.106,0.242
24,9,37,2,2,14,2,9,0.261,0.289
5,12,4,47,2,11,11,8,0.119,0.125
17,6,21,0,2,3,35,16,0.287,0.302
26,10,40,2,2,8,2,10,0.344,0.3
2,12,17,27,2,3,24,14,0.17,0.202
12,14,27,27,2,8,3,7,0.179,0.211
2,4,57,19,2,2,2,12,0.488,0.636
14,33,3,22,2,9,13,4,0.092,0.083
21,3,5,14,2,0,43,12,0.234,0.198
44,17,15,7,2,12,3,0,0.106,0.08
13,14,36,6,2,6,21,2,0.12,0.189
16,5,10,31,2,2,29,5,0.127,0.125
2,47,6,13,2,0,23,7,0.143,0.144
20,25,13,24,2,3,11,2,0.11,0.151
50,0,48,0,2,0,0,0,0.498,0.463
0,4,49,4,1,25,4,13,0.24,0.191
7,20,6,7,1,28,21,10,0.096,0.048
9,2,0,23,1,12,29,24,0.168,0.119
2,6,35,7,1,30,14,5,0.102,0.077
12,3,9,21,1,21,19,14,0.181,0.206
4,22,2,12,1,19,27,13,0.107,0.061
4,22,2,12,1,19,27,13,0.114,0.077
24,5,24,14,1,5,0,27,0.703,1.463
1,7,20,24,1,4,17,26,0.371,0.537
7,28,13,1,1,13,22,15,0.121,0.088
11,25,24,4,1,7,10,18,0.231,0.272
11,25,24,4,1,7,10,18,0.192,0.272
15,32,0,9,1,21,18,3,0.092,0.05
15,32,0,9,1,21,18,3,0.081,0.04
6,1,18,16,1,10,34,14,0.156,0.158
3,35,21,8,1,20,8,4,0.096,0.107
36,5,16,3,1,6,15,18,0.283,0.378
8,2,32,21,1,16,18,2,0.11,0.149
6,14,38,7,1,15,17,2,0.116,0.149
21,10,14,22,1,10,16,5,0.202,0.127
21,10,14,22,1,10,16,5,0.135,0.089
20,3,25,18,1,2,19,12,0.409,0.326
20,3,25,18,1,2,19,12,0.226,0.196
61,6,8,8,1,10,4,2,0.154,0.111
36,0,10,33,1,10,8,2,0.109,0.115
13,8,26,30,1,4,13,5,0.258,0.187
54,12,13,9,1,6,2,3,0.14,0.197
18,12,19,1,1,1,42,6,0.228,0.137
2,1,76,7,1,2,6,5,0.356,0.385
16,11,48,18,1,3,0,3,0.209,0.229
4,3,15,26,1,0,47,4,0.115,0.11
3,5,38,28,1,2,21,2,0.182,0.191
14,3,10,20,1,1,51,2,0.154,0.092
14,3,10,20,1,1,51,2,0.116,0.09
59,0,27,0,1,0,13,0,0.202,0.201
0,46,0,8,0,20,0,26,0.231,0.155
11,10,26,4,0,5,4,40,1.263,2.524
21,16,5,11,0,26,3,18,0.289,0.315
4,32,5,4,0,41,12,2,0.164,0.044
18,3,19,2,0,37,15,6,0.111,0.053
2,9,11,36,0,18,1,23,0.219,0.348
36,10,1,10,0,35,4,4,0.121,0.06
7,26,14,3,0,30,11,9,0.106,0.095
16,10,0,10,0,6,25,33,0.333,0.778
64,0,0,1,0,35,0,0,0.106,0.046
43,7,6,4,0,29,5,6,0.076,0.045
48,4,6,1,0,15,8,18,0.203,0.237
22,5,6,14,0,8,20,25,0.278,0.338
22,9,36,0,0,7,0,25,0.702,0.78
27,28,9,0,0,0,4,31,0.965,1.156
9,21,23,12,0,19,7,9,0.135,0.108
0,14,55,2,0,10,2,17,0.448,0.507
13,15,19,6,0,6,21,20,0.192,0.285
4,45,7,13,0,19,7,5,0.083,0.064
8,23,19,10,0,19,17,4,0.115,0.068
11,12,2,25,0,3,28,19,0.172,0.182
0,50,9,0,0,0,21,20,0.226,0.256
0,0,33,22,0,1,26,19,0.343,0.42
0,57,8,0,0,0,18,17,0.24,0.209
0,57,8,0,0,0,18,17,0.426,0.466
12,0,15,4,0,5,53,11,0.153,0.113
51,10,14,0,0,16,9,0,0.101,0.079
27,40,12,1,0,5,4,11,0.156,0.151
18,17,13,31,0,0,6,15,0.35,0.353
4,33,27,10,0,6,11,9,0.151,0.341
13,1,7,16,0,11,49,3,0.078,0.047
24,18,0,43,0,6,1,8,0.117,0.116
34,20,33,0,0,0,0,13,0.483,0.619
28,17,42,2,0,3,0,8,0.298,0.418
9,2,5,16,0,10,57,0,0.084,0.032
7,63,6,4,0,6,10,4,0.112,0.079
12,17,36,10,0,6,16,3,0.171,0.141
6,32,11,0,0,6,43,2,0.137,0.079
0,21,45,0,0,8,27,0,0.123,0.093
15,8,11,17,0,3,44,2,0.092,0.103
26,0,66,0,0,0,7,1,0.299,0.268
0,67,11,0,0,0,21,1,0.118,0.091
0,0,0,0,0,0,100,0,0.073,0.034
0,100,0,0,0,0,0,0,0.084,0.058
0,0,0,0,0,0,100,0,0.068,0.05
0,100,0,0,0,0,0,0,0.079,0.063
0,0,56,5,0,0,39,0,0.161,0.149
100,0,0,0,0,0,0,0,0.154,0.156
0,0,0,100,0,0,0,0,0.096,0.136
0,0,0,100,0,0,0,0,0.097,0.142
100,0,0,0,0,0,0,0,0.142,0.229
0,0,100,0,0,0,0,0,0.327,0.52
0,0,100,0,0,0,0,0,0.328,0.627
22,1,28,7,23,1,4,15,0.888,1.22
9,1,17,0,14,4,21,34,1.159,1.78
24,4,5,3,14,8,9,33,1.074,1.867
13,11,16,19,20,3,0,18,0.774,1.165
40,0,13,0,35,0,0,12,1.464,2.105
3,16,21,15,21,0,5,19,0.944,1.5
0,1,77,0,1,0,21,0,0.266,0.364
35,17,9,10,30,0,0,0,0.458,0.643
0,0,70,0,19,0,0,11,0.98,1.391
10,0,32,0,26,0,14,17,1.171,1.656
27,5,48,0,20,0,0,0,0.539,0.688
0,14,36,14,19,0,0,17,0.897,1.359
12,0,55,0,18,5,10,0,0.341,0.474
44,0,14,0,39,1,0,1,1.222,1.462
17,19,25,0,30,0,9,0,0.466,0.625
13,6,24,15,9,10,14,10,0.282,0.272
47,0,0,2,12,7,8,23,0.715,1.007
19,0,47,0,0,1,7,26,0.964,1.376
19,16,40,0,0,0,0,26,0.973,1.502
24,0,0,0,15,0,23,37,1.548,2.314
0,0,20,14,13,0,20,32,1.213,1.955
20,1,12,18,27,12,6,3,0.295,0.44
21,9,13,20,2,19,12,4,0.107,0.101
7,1,14,0,23,10,17,27,1.122,1.706
11,7,32,16,17,3,0,15,0.739,1.052
8,16,10,20,8,15,8,17,0.209,0.26
15,31,19,5,16,1,3,10,0.395,0.573
27,3,2,6,1,4,33,25,0.252,0.402
16,20,13,16,17,8,5,5,0.195,0.255
9,10,8,32,28,2,10,1,0.242,0.339
10,10,17,6,17,20,2,17,0.524,0.686
11,9,8,15,12,15,17,12,0.211,0.212
3,19,24,1,24,0,6,22,1.198,1.873
8,21,15,0,13,4,19,20,0.401,0.639
21,13,14,12,2,16,12,10,0.146,0.173
22,1,28,7,23,1,4,15,0.846,1.588
20,22,6,0,4,41,6,1,0.111,0.057
12,30,1,4,17,0,3,33,1.248,1.912
3,7,20,20,5,25,16,3,0.106,0.092
10,7,33,3,13,26,5,4,0.25,0.252
18,0,22,14,17,4,20,5,0.244,0.335
24,9,4,20,22,10,3,8,0.28,0.465
37,0,3,0,2,24,27,6,0.095,0.086
2,22,23,5,35,8,1,4,0.471,0.821
1,5,28,8,38,8,8,5,0.518,0.84
18,4,1,12,14,17,21,13,0.173,0.187
20,1,5,6,5,1,54,8,0.151,0.157
8,20,4,26,3,18,17,4,0.136,0.072
25,29,0,12,3,8,3,19,0.227,0.329
11,5,7,0,25,1,50,1,0.142,0.177
2,2,21,16,11,9,28,10,0.177,0.239
1,14,2,26,2,7,42,8,0.082,0.08
3,20,22,19,17,9,10,0,0.13,0.174
0,0,53,3,6,4,0,33,1.63,2.282
3,0,64,12,21,0,0,0,0.513,0.747
5,3,73,8,4,1,4,3,0.506,0.566
2,5,68,2,6,2,9,6,0.414,0.547
0,16,65,1,1,12,2,2,0.289,0.371
1,1,80,4,2,11,1,0,0.269,0.373
2,4,65,1,0,5,10,13,0.407,0.629
6,4,66,1,3,17,3,0,0.206,0.278
8,8,49,4,8,6,19,0,0.175,0.223
6,1,14,11,25,5,10,27,1.885,2.413
32,11,1,7,12,2,26,11,0.307,0.317
17,10,17,27,17,1,8,3,0.211,0.287
5,5,28,33,1,15,9,5,0.15,0.173
11,15,28,16,5,14,3,8,0.242,0.311
6,2,38,15,2,2,33,2,0.129,0.153
24,12,6,8,11,9,21,9,0.163,0.194
12,10,41,14,4,0,4,15,0.575,0.852
19,11,9,24,8,10,11,8,0.183,0.221
47,8,11,8,0,20,1,5,0.169,0.131
2,3,18,33,5,16,17,6,0.174,0.208
4,20,35,15,10,5,0,11,0.508,0.6
2,32,19,10,6,18,3,10,0.162,0.165
10,0,39,12,12,20,3,4,0.288,0.288
5,44,3,1,8,31,3,5,0.104,0.058
32,4,1,7,27,16,8,5,0.413,0.522
2,26,16,11,2,16,12,15,0.172,0.191
6,4,24,4,3,0,51,8,0.218,0.216
1,23,4,3,3,7,22,37,0.703,1.14
1,40,5,13,0,7,5,29,0.475,0.594
24,16,4,26,10,7,3,10,0.287,0.359
28,41,0,21,2,0,8,0,0.128,0.112
36,8,0,3,6,8,24,15,0.267,0.282
39,2,8,32,6,9,1,3,0.184,0.204
13,7,16,8,18,4,24,10,0.403,0.463
5,10,10,34,25,0,0,16,1.012,1.473
3,20,1,14,4,2,33,23,0.226,0.352
16,2,8,52,1,4,17,0,0.113,0.106
2,0,22,12,38,21,3,2,0.851,1.028
29,4,0,17,3,46,1,0,0.232,0.077
21,2,18,3,1,7,31,17,0.29,0.334
23,7,9,4,33,7,12,5,0.626,0.72
10,4,1,22,9,1,22,31,0.999,1.48
25,3,26,4,21,3,8,10,0.914,0.998
29,4,0,17,3,46,1,0,0.268,0.061
25,3,26,4,21,3,8,10,0.677,0.886
44,0,14,0,39,1,0,1,1.17,1.448
23,7,9,4,33,7,12,5,0.454,0.564
6,1,14,11,25,5,10,27,1.711,2.135
2,0,22,12,38,21,3,2,0.563,0.721
25,0,31,0,0,0,1,43,1.965,2.418
0,25,17,19,0,22,17,0,0.119,0.07
0,0,23,12,39,22,0,4,0.74,0.821
45,4,0,10,0,41,0,0,0.137,0.052
63,0,0,0,34,0,3,0,0.98,1.195
0,0,83,9,5,3,0,0,0.465,0.574
15,0,0,38,22,0,7,18,0.919,1.326
7,19,4,24,0,30,16,0,0.076,0.03
21,0,49,0,14,0,0,16,1.403,1.609
0,19,27,15,39,0,0,0,0.804,0.995
36,0,0,19,36,0,0,8,1.19,1.503
43,0,13,10,35,0,0,0,0.706,1
38,0,16,0,25,0,21,0,0.43,0.516
31,0,28,0,22,0,9,11,0.894,1.161
0,0,62,0,26,0,0,12,1.415,1.711
26,3,27,4,21,1,8,10,0.912,1.071
1,1,26,13,22,4,9,24,1.36,1.918
16,14,19,22,8,5,10,7,0.295,0.313
7,17,3,23,3,29,15,3,0.106,0.049
6,1,14,11,25,5,10,27,1.428,2.23
44,0,14,0,40,1,0,1,1.048,1.481
44,0,14,0,39,1,0,1,0.984,1.512
11,0,45,13,1,22,3,4,0.183,0.198
13,6,24,15,9,10,14,10,0.221,0.248
18,26,4,3,7,21,17,3,0.132,0.092
24,3,25,4,20,7,8,10,0.577,0.735
5,3,72,8,4,1,4,3,0.489,0.631
25,21,1,18,21,10,2,2,0.18,0.238
3,25,27,4,7,5,5,25,0.702,1.145
30,4,0,17,1,47,1,0,0.166,0.054
6,6,18,15,6,26,4,18,0.202,0.262
6,4,35,23,16,0,11,4,0.35,0.528
24,1,29,7,5,19,3,12,0.346,0.422
1,5,44,10,11,1,16,13,0.592,0.794
3,3,38,10,17,19,0,10,0.514,0.699
20,15,8,8,10,31,1,7,0.146,0.113
35,8,24,8,21,2,2,1,0.355,0.625
20,22,6,17,10,17,7,2,0.111,0.105
11,25,24,4,1,7,10,18,0.294,0.501
19,23,1,4,10,2,34,6,0.152,0.176
43,2,3,18,25,2,6,2,0.323,0.481
21,10,14,22,1,10,16,5,0.18,0.172
21,8,0,15,31,4,6,14,0.906,1.387
15,32,0,9,1,21,18,3,0.083,0.062
31,3,2,8,21,7,20,9,0.273,0.439
14,40,6,19,5,2,10,4,0.128,0.179
2,7,18,7,15,37,10,5,0.176,0.116
6,15,17,24,9,15,7,6,0.157,0.199
41,14,1,1,7,19,6,12,0.233,0.269
20,3,25,18,1,2,19,12,0.343,0.46
24,38,5,4,20,1,7,2,0.275,0.383
17,22,7,5,7,23,0,19,0.2,0.249
4,0,10,18,39,9,16,3,0.339,0.614
11,3,28,6,11,8,10,24,0.665,1.19
3,31,28,15,3,15,4,1,0.129,0.139
2,18,48,2,13,9,6,2,0.301,0.377
4,22,2,12,1,19,27,13,0.119,0.114
10,20,10,11,32,2,10,5,0.508,0.684
14,3,10,20,1,1,51,2,0.143,0.075
11,4,15,13,14,9,31,2,0.17,0.18
19,0,9,18,4,19,3,28,0.396,0.748
14,12,42,6,1,4,12,9,0.339,0.494
6,47,4,1,16,4,22,0,0.149,0.146
1,2,9,11,15,9,51,2,0.119,0.106
2,16,5,40,23,4,4,6,0.314,0.441
49,23,1,3,13,6,1,4,0.306,0.332
13,0,4,0,5,2,76,0,0.104,0.08
1,8,28,31,16,11,5,0,0.207,0.257
8,0,9,32,10,14,25,2,0.108,0.113
21,12,11,4,6,1,45,0,0.125,0.136
4,34,20,3,6,11,0,22,0.47,0.751
54,5,12,8,7,4,2,8,0.414,0.604
0,42,30,1,9,4,7,7,0.349,0.426
1,5,7,18,10,2,51,6,0.175,0.154
28,13,16,1,5,3,26,8,0.244,0.375
39,3,4,9,11,29,0,5,0.197,0.17
19,6,2,16,18,8,4,27,1.114,2.03
49,22,3,6,15,0,4,1,0.245,0.355
2,9,14,15,29,9,17,5,0.329,0.457
0,0,0,43,5,30,18,4,0.103,0.064
6,6,5,19,3,20,34,7,0.127,0.094
3,6,3,42,7,5,16,18,0.332,0.465
19,25,45,2,1,3,3,2,0.281,0.455
34,16,2,14,21,7,4,2,0.269,0.38
12,20,26,2,6,5,13,16,0.465,0.718
19,7,10,19,20,13,10,2,0.203,0.216
36,20,2,25,2,0,12,3,0.216,0.281
16,3,2,16,0,35,19,9,0.144,0.071
0,2,42,4,17,16,12,7,0.408,0.44
4,12,4,4,7,20,30,19,0.214,0.229
29,4,0,17,3,46,1,0,0.262,0.064
21,0,49,0,14,0,0,16,1.233,1.394
25,0,31,0,0,0,1,43,2.434,2.842
0,0,62,0,26,0,0,12,1.538,1.76
30,4,0,17,1,47,1,0,0.368,0.067
0,0,23,12,39,22,0,4,0.721,0.575
0,0,54,37,0,9,0,0,0.347,0.311
23,0,22,0,17,38,0,0,0.663,0.169
0,0,47,5,12,23,5,7,0.289,0.263
17,3,27,14,0,39,0,0,0.187,0.074
28,0,35,0,0,6,0,31,1.548,1.795
0,36,34,0,0,30,0,0,0.135,0.055
26,15,36,0,0,24,0,0,0.164,0.11
32,0,0,18,0,49,0,0,0.413,0.065
19,3,34,15,19,0,0,9,1.005,1.139
47,0,15,12,26,0,0,0,0.689,0.612
29,0,36,0,0,0,0,35,1.891,2.443
32,0,28,0,0,0,0,39,1.962,2.598
0,0,46,0,19,26,0,9,0.435,0.441
25,0,42,0,11,0,0,21,1.516,1.866
0,0,43,10,35,0,0,12,1.587,1.851
5,15,9,14,12,15,11,18,0.309,0.355
4,16,9,20,12,22,13,5,0.158,0.131
21,9,9,1,14,14,9,23,0.721,0.822
5,12,12,3,18,25,19,6,0.157,0.125
7,23,16,22,2,5,4,21,0.472,0.688
30,1,0,18,3,47,1,0,0.27,0.059
56,3,0,8,0,33,0,0,0.096,0.045
0,0,20,19,38,19,0,3,0.518,0.65
21,18,1,21,9,10,3,18,0.334,0.431
6,17,26,3,16,7,11,15,0.575,0.61
27,1,28,1,22,1,8,11,0.991,0.961
21,0,33,0,0,0,1,45,2.352,2.815
8,14,11,13,16,12,13,13,0.261,0.347
28,4,0,16,8,44,1,0,0.173,0.053
6,1,15,12,27,5,11,22,1.178,1.847
6,6,18,15,6,26,4,18,0.245,0.312
6,4,35,23,16,0,11,4,0.398,0.549
24,1,29,7,5,19,3,12,0.295,0.298
1,5,44,10,11,1,16,13,0.65,0.742
3,3,38,10,17,19,0,10,0.409,0.543
20,15,8,8,10,31,1,7,0.163,0.13
35,8,24,8,21,2,2,1,0.39,0.647
20,22,6,17,10,17,7,2,0.103,0.074
11,25,24,4,1,7,10,18,0.35,0.501
19,23,1,4,10,2,34,6,0.175,0.192
43,2,3,18,25,2,6,2,0.398,0.471
21,10,14,22,1,10,16,5,0.184,0.145
21,8,0,15,31,4,6,14,0.935,1.55
15,32,0,9,1,21,18,3,0.078,0.08
31,3,2,8,21,7,20,9,0.275,0.419
14,40,6,19,5,2,10,4,0.175,0.22
2,7,18,7,15,37,10,5,0.303,0.147
6,15,17,24,9,15,7,6,0.159,0.185
41,14,1,1,7,19,6,12,0.225,0.225
20,3,25,18,1,2,19,12,0.387,0.372
24,38,5,4,20,1,7,2,0.332,0.407
17,22,7,5,7,23,0,19,0.249,0.313
4,0,10,18,39,9,16,3,0.384,0.641
11,3,28,6,11,8,10,24,0.748,1.192
3,31,28,15,3,15,4,1,0.153,0.124
2,18,48,2,13,9,6,2,0.294,0.352
4,22,2,12,1,19,27,13,0.136,0.097
10,20,10,11,32,2,10,5,0.626,0.572
14,3,10,20,1,1,51,2,0.147,0.118
11,4,15,13,14,9,31,2,0.165,0.2
4,18,3,0,12,27,29,7,0.123,0.082
7,6,15,19,32,2,6,13,0.977,1.397
9,6,4,10,11,3,37,20,0.375,0.524
5,24,13,47,2,0,8,1,0.177,0.198
14,23,6,12,20,5,19,1,0.206,0.187
6,2,11,42,16,8,8,7,0.341,0.3
10,0,20,6,4,22,33,5,0.123,0.075
21,27,4,7,2,27,6,6,0.097,0.061
1,9,44,25,2,12,7,0,0.192,0.198
26,15,7,9,2,15,4,22,0.339,0.417
30,1,13,9,9,7,10,21,0.748,0.916
2,10,13,1,38,10,14,12,0.89,1.005
10,21,12,21,8,9,5,14,0.359,0.337
3,2,30,2,39,14,9,1,0.775,0.58
33,1,2,40,18,3,0,3,0.362,0.497
12,43,18,4,21,0,1,1,0.487,0.559
2,2,42,2,22,8,14,8,0.713,0.821
1,4,43,9,22,1,14,6,0.759,0.853
15,8,36,21,4,7,6,3,0.369,0.375
13,15,20,9,17,11,14,1,0.244,0.192
19,1,2,24,0,33,6,15,0.267,0.158
5,0,1,18,26,10,22,18,0.598,0.659
11,23,3,14,13,19,5,12,0.217,0.221
0,0,55,4,18,3,2,18,1.507,1.859
2,3,20,6,39,24,3,3,0.916,1.052
9,4,9,24,17,9,13,15,0.423,0.556
1,3,12,28,9,0,21,26,0.786,1.352
6,2,8,28,22,2,11,21,1.204,1.582
9,13,6,46,2,3,18,3,0.186,0.154
31,29,4,8,5,7,1,15,0.501,0.478
23,0,22,0,17,38,0,0,0.362,0.109
32,0,0,18,0,49,0,0,0.446,0.065
3,2,30,2,39,14,9,1,0.459,0.436
30,4,0,17,1,47,1,0,0.265,0.081
0,0,23,12,39,22,0,4,0.466,0.513
25,0,31,0,0,0,1,43,1.936,2.241
67,0,0,26,7,0,0,0,0.192,0.208
22,0,17,11,15,35,0,0,0.221,0.099
30,0,31,0,25,0,9,4,0.568,0.656
33,0,22,0,0,45,0,0,0.332,0.064
8,0,39,0,39,0,0,14,1.671,1.849
27,0,25,0,0,0,0,47,1.897,2.338
31,0,0,10,21,38,0,0,0.382,0.174
0,0,22,12,38,27,0,0,0.631,0.545
9,0,31,17,0,43,0,0,0.288,0.073
59,0,41,0,0,0,0,0,0.337,0.315
0,32,17,0,22,28,0,0,0.233,0.128
38,0,18,0,32,12,0,0,0.46,0.534
44,0,0,9,0,24,0,23,0.295,0.346
48,0,0,14,0,38,0,0,0.14,0.042
0,0,32,18,0,50,0,0,0.578,0.096
27,1,28,1,22,1,8,11,0.852,0.877
22,1,24,1,35,1,7,9,1.19,1.115
15,17,8,4,21,10,20,5,0.218,0.145
17,18,2,12,5,2,34,11,0.144,0.131
0,0,23,12,38,22,0,4,0.649,0.843
19,6,16,18,14,11,10,8,0.178,0.204
29,0,28,0,22,21,0,0,0.258,0.273
20,17,20,3,15,20,4,1,0.147,0.122
31,1,0,18,1,48,1,0,0.165,0.041
20,16,23,4,22,6,5,5,0.366,0.341
17,14,11,7,18,8,17,9,0.263,0.261
10,12,8,19,13,6,23,10,0.178,0.174
37,0,35,0,27,2,0,0,0.45,0.545
13,21,15,3,22,15,8,3,0.163,0.161
18,14,12,21,18,3,7,6,0.238,0.302
6,6,18,15,6,26,4,18,0.171,0.17
6,4,35,23,16,0,11,4,0.256,0.334
24,1,29,7,5,19,3,12,0.254,0.221
1,5,44,10,11,1,16,13,0.471,0.524
3,3,38,10,17,19,0,10,0.561,0.665
20,15,8,8,10,31,1,7,0.219,0.152
35,8,24,8,21,2,2,1,0.263,0.366
20,22,6,17,10,17,7,2,0.091,0.077
11,25,24,4,1,7,10,18,0.264,0.284
19,23,1,4,10,2,34,6,0.151,0.119
43,2,3,18,25,2,6,2,0.328,0.361
21,10,14,22,1,10,16,5,0.163,0.11
21,8,0,15,31,4,6,14,0.584,0.818
15,32,0,9,1,21,18,3,0.089,0.051
31,3,2,8,21,7,20,9,0.172,0.21
14,40,6,19,5,2,10,4,0.123,0.117
2,7,18,7,15,37,10,5,0.161,0.102
6,15,17,24,9,15,7,6,0.142,0.107
41,14,1,1,7,19,6,12,0.176,0.147
20,3,25,18,1,2,19,12,0.333,0.33
24,38,5,4,20,1,7,2,0.165,0.167
17,22,7,5,7,23,0,19,0.344,0.388
4,0,10,18,39,9,16,3,0.317,0.407
11,3,28,6,11,8,10,24,0.593,0.862
3,31,28,15,3,15,4,1,0.125,0.104
2,18,48,2,13,9,6,2,0.3,0.247
4,22,2,12,1,19,27,13,0.11,0.06
10,20,10,11,32,2,10,5,0.417,0.404
14,3,10,20,1,1,51,2,0.11,0.071
11,4,15,13,14,9,31,2,0.138,0.112
7,31,4,11,17,15,1,14,0.276,0.299
8,33,9,10,2,26,0,12,0.148,0.109
3,0,19,8,35,20,6,9,0.57,0.624
0,1,26,11,19,13,14,16,0.357,0.354
2,7,8,26,15,14,0,28,0.656,0.911
37,2,5,6,10,24,2,14,0.322,0.246
6,32,4,2,30,12,3,11,0.548,0.555
17,12,4,7,26,15,9,10,0.335,0.312
19,38,1,2,22,15,2,1,0.178,0.129
4,11,1,28,14,7,19,16,0.233,0.234
9,31,10,4,25,1,17,3,0.29,0.273
8,37,5,16,0,26,0,8,0.112,0.061
19,28,3,0,11,9,12,18,0.394,0.307
1,40,31,6,3,6,13,0,0.193,0.131
12,31,0,3,3,19,24,8,0.116,0.068
37,21,16,15,3,4,4,0,0.165,0.132
0,3,46,25,3,8,1,14,0.41,0.442
16,21,16,15,2,4,6,20,0.462,0.477
13,22,25,9,0,5,13,13,0.287,0.279
34,1,8,0,25,6,3,23,1.882,1.631
20,0,1,34,3,6,8,28,0.588,0.694
7,37,6,4,3,4,34,5,0.153,0.096
29,22,8,10,8,8,7,8,0.193,0.186
30,5,20,11,12,9,2,11,0.422,0.463
10,15,11,5,14,12,31,2,0.141,0.095
18,14,15,17,11,11,13,1,0.158,0.118
11,10,25,0,5,12,18,19,0.327,0.302
7,16,16,5,21,9,0,26,1.292,1.25
2,3,0,32,24,26,9,4,0.187,0.128
2,23,0,9,29,24,8,5,0.26,0.176
34,1,8,0,25,6,3,23,1.29,1.443
0,0,32,18,0,50,0,0,0.884,0.148
32,0,0,18,0,49,0,0,0.406,0.088
22,1,24,1,35,1,7,9,1.037,1.17
7,16,16,5,21,9,0,26,0.98,1.265
33,0,22,0,0,45,0,0,0.548,0.098
40,0,51,1,0,8,0,0,0.244,0.258
23,12,12,8,16,29,0,0,0.145,0.085
45,0,12,0,9,20,0,14,0.331,0.407
29,0,14,0,18,21,0,17,0.694,0.774
30,0,0,17,16,36,0,0,0.235,0.168
24,0,16,0,28,32,0,0,0.542,0.415
20,0,35,0,33,0,0,12,1.109,1.331
0,27,27,8,0,0,0,38,1.534,1.669
33,0,26,8,0,32,0,0,0.166,0.08
19,0,0,58,23,0,0,0,0.221,0.255
32,0,0,18,0,50,0,0,0.373,0.064
19,0,36,0,0,45,0,0,0.303,0.075
44,0,16,0,0,28,5,6,0.154,0.103
33,0,0,18,0,49,0,0,0.219,0.043
27,0,18,15,0,41,0,0,0.151,0.046
6,11,15,21,1,24,19,2,0.079,0.04
32,0,22,0,0,46,0,0,0.558,0.082
21,23,1,7,20,18,5,5,0.221,0.207
11,15,19,11,14,22,1,8,0.209,0.221
7,17,11,5,22,10,0,28,1.281,1.776
18,22,13,13,3,11,13,6,0.119,0.104
13,15,17,11,2,12,13,17,0.198,0.235
11,3,8,10,17,15,9,26,0.56,0.863
31,12,5,8,12,8,9,14,0.274,0.336
5,25,2,15,11,27,3,11,0.234,0.178
19,17,16,5,3,13,18,11,0.17,0.139
6,14,26,4,19,8,0,22,0.912,1.089
17,8,23,6,10,13,15,7,0.194,0.22
28,0,0,9,28,35,0,0,0.574,0.614
34,0,22,0,0,44,0,0,0.2,0.066
25,17,4,27,9,3,2,12,0.271,0.401
4,45,5,18,3,2,3,20,0.247,0.344
3,49,5,25,1,2,6,9,0.144,0.132
24,14,1,4,9,2,8,38,1.249,1.635
38,0,8,0,29,0,0,24,1.902,2.015
33,0,16,0,27,0,0,23,1.623,2.079
14,6,30,3,34,3,2,8,0.821,1.111
8,14,38,3,14,0,0,23,1.066,1.576
3,14,33,10,9,1,7,23,0.611,0.918
33,0,5,0,26,12,0,23,2.252,2.337
37,0,0,0,30,0,9,23,1.816,1.927
3,20,17,21,21,9,1,9,0.337,0.407
29,12,3,32,4,3,5,13,0.228,0.305
36,2,4,0,27,6,1,23,1.51,2.01
5,11,3,22,2,15,31,11,0.092,0.09
3,9,20,4,5,1,33,25,0.367,0.566
5,15,20,11,14,13,8,14,0.265,0.39
2,10,3,32,29,5,7,12,0.367,0.572
29,2,3,36,4,1,0,25,0.477,0.812
19,16,1,3,18,25,8,9,0.338,0.332
6,24,4,10,1,10,13,32,0.434,0.696
42,6,15,9,2,23,1,3,0.129,0.132
9,8,4,15,3,24,21,15,0.126,0.131
4,24,10,4,11,17,25,4,0.102,0.09
6,5,31,9,10,1,13,25,0.726,1.176
17,19,29,2,2,1,25,4,0.145,0.187
38,14,1,7,6,22,11,2,0.144,0.098
32,3,11,1,22,7,24,0,0.203,0.174
8,11,5,16,23,13,3,20,0.74,1.222
8,3,23,21,32,5,9,0,0.373,0.448
10,3,4,2,7,19,45,10,0.094,0.074
30,39,0,6,5,14,0,6,0.125,0.116
13,30,4,23,1,7,10,12,0.142,0.154
0,1,44,5,14,16,15,5,0.271,0.343
25,32,6,3,1,0,32,1,0.113,0.09
12,42,4,1,29,8,0,4,0.399,0.403
15,26,17,7,4,13,8,10,0.177,0.194
2,10,16,16,9,7,39,1,0.111,0.081
21,25,11,10,9,3,5,16,0.414,0.538
19,1,27,2,2,1,36,12,0.276,0.344
6,14,0,23,3,13,41,0,0.078,0.042
13,1,9,32,9,18,14,4,0.115,0.097
17,2,29,32,6,6,6,2,0.217,0.217
2,21,0,10,6,28,17,16,0.166,0.103
11,21,7,1,7,4,48,1,0.116,0.085
34,19,4,15,1,10,12,5,0.141,0.125
21,45,2,2,7,12,11,0,0.117,0.068
7,4,35,5,5,25,14,5,0.16,0.12
12,21,14,26,7,4,14,2,0.169,0.159
2,26,24,6,19,6,8,9,0.435,0.445
3,29,6,7,15,33,2,5,0.26,0.135
3,26,17,37,11,1,5,0,0.202,0.214
4,30,19,3,0,35,6,3,0.13,0.065
4,5,4,3,6,16,42,20,0.153,0.158
6,46,29,1,0,10,1,7,0.235,0.223
4,4,16,4,16,0,49,7,0.226,0.251
6,0,13,13,7,4,28,29,0.645,0.901
2,16,31,2,5,12,7,25,0.65,0.763
17,0,8,5,0,16,52,2,0.107,0.077
7,8,29,8,21,11,9,7,0.407,0.494
0,0,32,18,0,50,0,0,0.617,0.12
32,0,22,0,0,46,0,0,0.362,0.08
33,0,5,0,26,12,0,23,1.804,2.137
38,0,8,0,29,0,0,24,1.784,2.031
32,0,0,18,0,50,0,0,0.391,0.074
0,27,27,8,0,0,0,38,1.638,1.963
38,0,33,0,0,29,0,0,0.148,0.091
45,0,0,0,16,27,0,13,0.593,0.736
31,0,0,21,0,48,0,0,0.338,0.057
29,6,4,22,1,18,8,13,0.139,0.122
31,0,21,0,0,48,0,0,0.339,0.059
42,0,5,0,16,24,0,13,0.446,0.548
34,0,37,0,0,30,0,0,0.129,0.087
52,0,0,13,0,35,0,0,0.097,0.046
26,19,19,0,21,0,0,16,1.085,1.165
23,45,32,0,0,0,0,0,0.222,0.234
33,0,22,0,0,46,0,0,0.352,0.081
26,0,29,0,0,45,0,0,0.245,0.056
35,0,5,0,27,0,0,33,2.279,2.333
0,0,53,0,0,47,0,0,0.284,0.074
27,0,20,0,21,32,0,0,0.221,0.186
33,0,5,0,26,12,0,23,1.865,2.015
0,28,28,8,0,0,0,35,1.484,1.823
32,0,0,18,0,49,0,0,0.263,0.061
37,0,0,0,30,0,9,23,1.605,2.087
17,21,2,12,20,2,18,8,0.234,0.268
7,21,4,15,18,1,14,20,0.454,0.643
2,18,12,12,12,6,19,19,0.265,0.387
21,0,49,0,0,30,0,0,0.139,0.124
12,15,12,9,13,11,12,15,0.253,0.293
13,1,5,12,20,17,18,13,0.27,0.298
0,45,20,6,0,0,0,29,0.756,0.973
17,9,13,20,24,12,1,4,0.301,0.391
1,24,12,20,18,3,15,8,0.188,0.233
9,5,19,4,21,9,19,14,0.358,0.531
18,19,12,13,13,14,1,10,0.204,0.258
6,7,19,1,20,8,27,12,0.239,0.342
4,35,26,7,6,13,7,3,0.115,0.106
41,12,1,44,2,0,0,0,0.141,0.152
4,1,1,24,13,0,13,43,2.267,2.875
1,61,1,0,1,0,1,35,0.473,0.666
0,52,39,5,1,1,1,1,0.163,0.189
52,2,1,1,0,1,0,42,1.834,2.325
5,1,33,4,0,1,9,48,1.861,2.583
18,36,1,0,16,0,16,13,0.29,0.381
1,0,16,22,3,46,12,0,0.171,0.049
13,6,8,32,11,6,15,9,0.193,0.223
9,24,4,3,21,1,10,28,1.428,1.668
0,0,2,12,21,0,29,35,1.073,1.792
7,1,16,6,19,11,40,0,0.114,0.098
20,18,7,0,7,16,15,17,0.158,0.173
0,0,26,24,0,50,0,0,0.361,0.091
1,21,5,26,19,5,0,22,0.497,0.965
6,10,17,23,1,4,18,22,0.34,0.468
4,0,0,40,21,0,0,34,1.877,2.632
3,27,0,26,3,20,14,6,0.107,0.075
5,7,32,9,4,22,16,5,0.195,0.193
0,0,27,12,0,50,12,0,0.414,0.08
8,32,32,6,0,11,3,8,0.169,0.2
0,0,33,17,0,50,0,0,0.425,0.077
3,1,0,1,0,2,46,47,0.959,1.656
25,13,6,10,0,8,9,29,0.442,0.682
7,33,1,6,28,4,3,17,0.887,0.98
5,21,8,28,13,9,1,15,0.299,0.373
16,14,1,19,18,4,15,13,0.321,0.408
35,8,14,21,2,16,1,4,0.126,0.118
0,0,6,32,36,14,8,4,0.297,0.417
27,15,2,0,20,10,12,14,0.354,0.463
4,1,11,14,3,7,22,38,0.805,1.258
3,18,17,5,8,19,14,16,0.185,0.161
3,14,4,25,2,2,17,33,0.723,1.002
25,10,4,1,7,16,37,0,0.11,0.071
11,34,11,8,4,2,25,5,0.144,0.132
12,20,23,7,1,6,0,31,0.989,1.142
19,22,4,22,25,0,5,3,0.343,0.425
25,25,7,6,12,1,16,8,0.251,0.282
13,1,47,16,4,4,12,3,0.271,0.256
50,3,4,2,17,4,17,3,0.313,0.312
5,21,7,7,6,4,45,5,0.127,0.099
9,23,11,4,5,32,3,13,0.236,0.169
15,5,12,23,0,38,4,3,0.184,0.089
20,0,3,42,13,16,5,1,0.14,0.125
19,49,5,6,14,2,5,0,0.166,0.146
24,8,8,3,26,0,21,10,0.617,0.667
7,38,1,11,18,0,15,10,0.353,0.391
14,33,12,12,13,0,5,11,0.466,0.507
0,10,11,7,22,26,16,8,0.281,0.218
20,3,49,0,0,2,17,9,0.405,0.526
44,3,6,3,4,29,0,11,0.251,0.271
32,1,8,15,10,6,0,28,1.119,1.557
3,32,12,18,13,0,1,21,0.866,1.039
5,31,1,13,12,25,3,10,0.174,0.136
3,5,39,9,26,13,0,5,0.591,0.569
12,18,2,22,22,2,6,16,0.716,0.803
12,23,11,21,7,10,10,6,0.192,0.163
4,8,17,6,2,6,37,20,0.291,0.368
0,0,32,18,0,50,0,0,0.656,0.118
35,0,5,0,27,0,0,33,2.142,2.322
0,0,27,12,0,50,12,0,0.477,0.092
32,0,0,18,0,50,0,0,0.342,0.125
32,0,22,0,0,46,0,0,0.331,0.077
33,0,5,0,26,12,0,23,1.92,2.053
31,0,23,0,1,44,0,0,0.25,0.096
7,12,16,18,10,19,17,1,0.117,0.082
31,0,0,21,0,49,0,0,0.224,0.069
27,0,0,14,21,38,0,0,0.209,0.127
0,0,34,17,0,49,0,0,0.539,0.093
31,0,22,0,0,47,0,0,0.455,0.079
0,0,50,0,0,50,0,0,0.578,0.097
33,0,0,18,0,49,0,0,0.197,0.047
44,0,17,0,0,39,0,0,0.147,0.069
24,0,20,19,0,37,0,0,0.145,0.073
0,0,47,9,0,26,0,17,0.232,0.262
0,0,29,23,0,48,0,0,0.335,0.093
0,0,27,12,0,48,12,0,0.265,0.059
28,0,25,0,21,0,0,26,1.405,1.739
30,0,13,0,25,0,0,31,1.725,1.872
0,0,49,1,0,49,0,0,0.436,0.097
1,20,11,7,18,11,17,15,0.258,0.274
0,0,27,12,0,50,12,0,0.393,0.093
27,0,24,0,0,49,0,0,0.41,0.08
13,9,16,4,16,9,20,12,0.197,0.217
25,15,6,21,9,9,1,14,0.191,0.25
33,0,22,0,0,46,0,0,0.196,0.064
33,0,41,0,25,0,0,1,0.425,0.555
17,11,28,4,11,10,3,15,0.375,0.457
35,0,17,0,0,48,0,0,0.351,0.102
21,16,5,11,0,26,3,18,0.149,0.126
21,11,19,5,16,11,15,1,0.133,0.145
4,3,18,22,20,1,23,9,0.225,0.347
12,3,21,5,16,24,3,16,0.242,0.277
37,0,21,0,0,43,0,0,0.149,0.061
3,6,12,17,2,0,23,37,0.638,1.081
2,1,19,28,3,1,6,38,1.035,1.549
0,0,32,21,0,47,0,0,0.332,0.096
26,4,8,21,23,16,2,2,0.222,0.243
3,1,1,71,5,2,1,16,0.172,0.263
5,2,12,34,11,3,3,29,0.679,1.364
2,3,7,52,1,3,2,31,0.424,0.854
3,6,13,45,3,2,4,25,0.38,0.68
9,3,8,46,9,6,19,0,0.099,0.075
25,3,7,6,10,12,25,12,0.132,0.138
2,3,17,58,4,6,2,8,0.144,0.19
20,1,8,18,31,2,3,17,1.059,1.379
6,2,45,12,2,1,2,29,0.982,1.515
7,4,25,3,3,10,10,38,0.814,1.188
3,5,32,21,2,1,1,35,1.113,1.706
6,18,29,20,4,8,5,10,0.178,0.238
5,2,60,4,6,2,2,20,0.673,0.986
3,0,14,62,2,1,2,16,0.288,0.441
13,38,1,4,1,4,8,31,0.373,0.485
37,1,8,11,0,21,2,20,0.167,0.191
6,40,18,3,2,25,3,4,0.102,0.064
3,37,10,1,31,5,5,8,0.375,0.472
6,8,23,5,4,18,10,26,0.253,0.344
0,0,31,18,0,50,1,0,0.362,0.082
8,4,59,7,9,2,3,7,0.396,0.539
37,6,2,7,5,3,24,17,0.187,0.259
20,15,15,4,10,3,32,2,0.136,0.123
2,9,4,35,3,47,1,1,0.195,0.057
11,46,17,8,0,7,3,8,0.131,0.113
3,18,15,18,30,0,1,15,0.897,1.171
10,8,16,22,36,2,0,6,0.606,0.826
24,12,13,14,11,19,6,1,0.117,0.111
18,1,8,11,31,6,6,19,1.094,1.55
5,6,0,10,28,14,25,12,0.231,0.27
18,38,9,28,1,4,1,1,0.134,0.12
12,21,7,14,2,22,4,18,0.155,0.112
8,42,8,3,0,17,11,11,0.103,0.064
18,21,0,2,4,24,8,23,0.194,0.189
9,2,3,18,6,20,24,18,0.114,0.107
10,4,0,51,5,7,13,10,0.129,0.153
32,27,8,24,0,7,1,1,0.109,0.092
6,9,1,22,19,6,13,24,0.539,0.762
29,2,15,6,16,7,11,14,0.479,0.534
1,47,6,5,6,19,0,16,0.196,0.138
18,2,29,11,10,11,3,16,0.396,0.528
28,2,1,27,2,28,2,10,0.104,0.082
50,9,3,6,6,19,2,5,0.144,0.121
28,17,19,14,0,4,0,18,0.428,0.564
3,18,11,14,15,17,12,10,0.194,0.205
5,5,12,39,4,26,2,7,0.135,0.129
23,11,39,6,4,0,8,9,0.443,0.503
12,4,3,28,0,8,13,32,0.297,0.324
9,0,35,8,0,6,17,25,0.542,0.743
3,5,33,2,19,19,19,0,0.177,0.185
18,1,28,6,24,6,4,13,0.771,0.88
14,48,12,8,7,7,3,1,0.137,0.112
21,0,3,37,30,1,4,4,0.336,0.435
11,5,12,34,1,5,12,20,0.31,0.39
16,1,21,1,0,3,24,34,0.987,1.138
2,5,0,44,2,28,4,15,0.129,0.051
0,0,32,18,0,50,0,0,0.457,0.084
0,0,50,0,0,50,0,0,0.553,0.09
0,0,27,12,0,50,12,0,0.322,0.064
31,0,22,0,0,47,0,0,0.376,0.084
35,0,5,0,27,0,0,33,2.282,2.236
33,0,5,0,26,12,0,23,1.727,1.981
29,0,41,0,1,0,0,28,0.959,1.102
36,0,23,0,0,41,0,0,0.203,0.073
27,0,24,0,0,48,0,0,0.364,0.07
0,0,42,15,0,42,0,0,0.16,0.067
13,11,10,14,4,4,21,23,0.271,0.318
0,0,39,0,22,39,0,0,0.379,0.107
45,0,14,0,0,25,0,17,0.135,0.106
32,0,18,0,0,50,0,0,0.333,0.065
27,0,13,10,0,41,10,0,0.181,0.066
49,0,0,0,18,33,0,0,0.353,0.288
0,0,34,17,0,50,0,0,0.44,0.081
43,0,41,0,0,16,0,0,0.12,0.099
0,0,33,15,0,38,15,0,0.105,0.05
0,0,55,0,0,45,0,0,0.24,0.073
11,8,20,13,1,5,22,20,0.226,0.266
1,10,10,30,1,5,35,8,0.094,0.07
0,0,52,1,0,47,0,0,0.371,0.076
16,6,2,6,18,21,21,10,0.173,0.13
28,9,12,37,1,4,9,1,0.095,0.073
5,15,11,23,21,9,7,10,0.186,0.183
40,0,5,0,24,11,0,19,1.051,1.204
14,7,15,10,13,11,7,23,0.332,0.427
42,0,6,0,7,15,0,29,0.736,0.973
0,0,50,1,0,49,0,0,0.401,0.081
17,3,20,11,20,18,10,1,0.189,0.156
0,0,27,12,0,50,12,0,0.388,0.082
6,13,15,6,3,20,24,13,0.097,0.066
6,9,1,32,4,20,9,19,0.098,0.086
0,0,26,12,0,49,13,0,0.281,0.056
15,20,5,0,3,21,21,14,0.1,0.079
21,28,3,22,0,6,0,20,0.165,0.23
1,0,38,17,0,44,0,0,0.186,0.074
0,1,32,17,0,50,0,0,0.359,0.083
12,15,3,10,1,16,37,6,0.108,0.058
0,0,44,5,0,50,1,0,0.479,0.093
17,3,20,4,17,5,14,20,0.456,0.505
22,5,11,5,37,6,0,15,0.844,1.074
1,18,41,19,3,17,0,0,0.104,0.093
0,6,48,2,0,0,3,41,1.28,1.368
18,1,4,27,7,32,1,11,0.146,0.118
24,3,13,25,0,1,27,7,0.103,0.089
12,20,19,29,14,1,1,3,0.181,0.176
47,1,1,3,1,1,3,43,1.548,1.803
22,14,10,8,35,3,6,2,0.283,0.294
6,11,2,24,3,13,32,9,0.079,0.05
10,9,9,1,9,0,33,30,0.373,0.543
0,0,35,15,0,50,0,0,0.397,0.101
2,10,3,32,29,5,7,13,0.255,0.312
2,1,5,77,1,0,0,14,0.138,0.168
3,19,0,0,35,31,11,1,0.627,0.539
6,24,4,10,1,10,13,32,0.287,0.361
30,8,21,22,1,17,1,1,0.095,0.067
9,8,4,15,3,24,21,15,0.117,0.074
0,15,36,2,1,0,3,43,1.245,1.41
6,5,31,9,10,1,13,25,0.593,0.757
17,19,29,2,2,1,25,4,0.141,0.119
38,14,1,7,6,22,11,2,0.101,0.064
32,3,11,1,22,7,24,0,0.146,0.125
8,11,5,16,23,13,3,20,0.506,0.639
8,3,23,21,32,5,9,0,0.221,0.228
